[{"id": 0, "img_name": "00001", "width": 416, "height": 232, "position": [-0.0052983216010034076, -0.003615033812820911, 0.0007761269807815552], "rotation": [[0.9999847412109375, 0.0017594767268747091, 0.0052348808385431775], [-0.0017794941086322065, 0.9999911189079282, 0.0038216316606849423], [-0.005228110123425723, -0.0038308890070766206, 0.9999790191650392]], "fy": 417.4686584472656, "fx": 417.69073486328125}, {"id": 1, "img_name": "00002", "width": 416, "height": 232, "position": [-0.007614580914378167, -0.008135028183460237, 0.00024245324311777955], "rotation": [[0.9999303817749025, 0.0029934211634099488, 0.011412123218178753], [-0.0030885250307619576, 0.9999606013298036, 0.008325104601681232], [-0.011386752128601076, -0.008359772153198719, 0.999900221824646]], "fy": 417.4686584472656, "fx": 417.69073486328125}, {"id": 2, "img_name": "00003", "width": 416, "height": 232, "position": [-0.00474156579002738, -0.00850678700953722, -0.00281166285276413], "rotation": [[0.9999325275421144, 0.002881992841139436, 0.011254563927650452], [-0.0029746654909104113, 0.9999617338180544, 0.008226189762353899], [-0.011230425909161568, -0.008259113878011705, 0.9999028444290162]], "fy": 417.4686584472656, "fx": 417.69073486328125}, {"id": 3, "img_name": "00004", "width": 416, "height": 232, "position": [-0.002116365823894739, -0.006660665385425091, -0.007414634805172682], "rotation": [[0.9999227523803709, 0.0026314163114875555, 0.01214784290641546], [-0.002693829359486699, 0.9999832510948181, 0.005124298855662345], [-0.012134154327213759, -0.005156626924872398, 0.9999130964279175]], "fy": 417.4686584472656, "fx": 417.69073486328125}, {"id": 4, "img_name": "00005", "width": 416, "height": 232, "position": [-0.0005470993928611279, -0.006347930524498223, -0.010571245104074478], "rotation": [[0.9999063611030579, 0.002596151782199741, 0.013436696492135523], [-0.0026467812713235617, 0.9999894499778749, 0.00375160900875926], [-0.013426815159618855, -0.0037868218496441845, 0.9999026656150817]], "fy": 417.4686584472656, "fx": 417.69073486328125}, {"id": 5, "img_name": "00006", "width": 416, "height": 232, "position": [0.0001274218375328928, -0.006752504501491783, -0.012751620262861252], "rotation": [[0.999876081943512, 0.0023813203442841764, 0.0155593054369092], [-0.002434030873700977, 0.9999913573265075, 0.0033696661703288555], [-0.015551147051155569, -0.0034071207046508793, 0.9998732805252076]], "fy": 417.4686584472656, "fx": 417.69073486328125}, {"id": 6, "img_name": "00007", "width": 416, "height": 232, "position": [0.0028999352362006903, -0.005291065201163292, -0.01575241237878799], "rotation": [[0.999877691268921, 0.002184165874496102, 0.015487305819988249], [-0.0021943983156234026, 0.9999973773956298, 0.0006437415140680968], [-0.015485858544707298, -0.0006776480586268007, 0.9998798370361328]], "fy": 417.4686584472656, "fx": 417.69073486328125}, {"id": 7, "img_name": "00008", "width": 416, "height": 232, "position": [0.004270171280950308, -0.0054640439338982105, -0.019252777099609375], "rotation": [[0.9998490214347839, 0.0023813422303646794, 0.017212722450494763], [-0.0023801906500011687, 0.9999971389770507, -8.738044562051073e-05], [-0.017212882637977604, 4.6397683036047986e-05, 0.9998518228530885]], "fy": 417.4686584472656, "fx": 417.69073486328125}, {"id": 8, "img_name": "00009", "width": 416, "height": 232, "position": [0.009380025789141653, 0.0003350363695062697, -0.023390023037791252], "rotation": [[0.9999060034751891, 0.0015515685081481934, 0.013623395934700968], [-0.001448246417567134, 0.9999701380729675, -0.007590763270854951], [-0.013634767383337024, 0.0075703198090195664, 0.9998784065246583]], "fy": 417.4686584472656, "fx": 417.69073486328125}, {"id": 9, "img_name": "00010", "width": 416, "height": 232, "position": [0.01740860007703304, 0.0025287871249020104, -0.027634767815470695], "rotation": [[0.9999634623527526, 0.0006547691882587968, 0.008524242788553238], [-0.0005604003672488034, 0.9999386072158815, -0.011068321764469145], [-0.008530966937541962, 0.011063139885663986, 0.9999024271965027]], "fy": 417.4686584472656, "fx": 417.69073486328125}, {"id": 10, "img_name": "00011", "width": 416, "height": 232, "position": [0.02845005877315998, 0.00650793919339776, -0.030442239716649055], "rotation": [[0.9999887943267823, -0.0011620977893471718, -0.004593560006469488], [0.0010897249449044466, 0.9998757243156433, -0.015726506710052487], [0.004611265379935503, 0.01572132483124733, 0.9998657703399659]], "fy": 417.4686584472656, "fx": 417.69073486328125}, {"id": 11, "img_name": "00012", "width": 416, "height": 232, "position": [0.025849780067801472, 0.006820426322519779, -0.03402871266007423], "rotation": [[0.9999896287918091, -0.0014639156870543955, -0.004310108721256255], [0.0013964208774268627, 0.9998770356178284, -0.015621219761669632], [0.0043324464932084075, 0.015615039505064486, 0.9998686909675597]], "fy": 417.4686584472656, "fx": 417.69073486328125}, {"id": 12, "img_name": "00013", "width": 416, "height": 232, "position": [0.0328197330236435, 0.005509139969944955, -0.03972494974732399], "rotation": [[0.9999138116836548, -0.0008756903698667886, -0.013098056428134443], [0.000687460997141898, 0.9998965263366701, -0.014368393458425999], [0.013109282590448856, 0.01435815077275038, 0.9998109936714172]], "fy": 417.4686584472656, "fx": 417.69073486328125}, {"id": 13, "img_name": "00014", "width": 416, "height": 232, "position": [0.025662476196885112, 0.00295466254465282, -0.04277956485748291], "rotation": [[0.9999990463256836, -0.0011632431996986268, -0.0007699928246438502], [0.0011537502286955714, 0.9999247193336489, -0.012216440401971338], [0.0007841455517336725, 0.012215540744364263, 0.9999250769615174]], "fy": 417.4686584472656, "fx": 417.69073486328125}, {"id": 14, "img_name": "00015", "width": 416, "height": 232, "position": [0.028091499581933018, 0.0010501284850761292, -0.045339144766330726], "rotation": [[0.9999991655349731, -0.0008081375854089856, 0.000984446844086051], [0.0008187221828848124, 0.9999413490295409, -0.01079923380166292], [-0.0009756618528626859, 0.010800031013786791, 0.9999412298202515]], "fy": 417.4686584472656, "fx": 417.69073486328125}, {"id": 15, "img_name": "00016", "width": 416, "height": 232, "position": [0.03291281685233116, 0.0015914617106318472, -0.049001943320035934], "rotation": [[0.9999998807907104, -0.00022418246953748164, -0.0004331546660978347], [0.00021896726684644813, 0.9999279379844662, -0.012002806179225441], [0.0004358142905402928, 0.012002709321677683, 0.9999278783798219]], "fy": 417.4686584472656, "fx": 417.69073486328125}, {"id": 16, "img_name": "00017", "width": 416, "height": 232, "position": [0.03394981846213342, 0.0010199180105701089, -0.051096558570861816], "rotation": [[0.9999975562095644, -0.0005504098371602596, 0.002135074930265546], [0.0005760362255387009, 0.9999275803565981, -0.012020563706755638], [-0.0021283042151480913, 0.012021765112876896, 0.9999254941940308]], "fy": 417.4686584472656, "fx": 417.69073486328125}, {"id": 17, "img_name": "00018", "width": 416, "height": 232, "position": [0.035768941044807434, 0.001852258807048202, -0.054139941930770874], "rotation": [[0.9999904036521912, -0.0010835132561624048, 0.0042495676316320905], [0.001140106469392777, 0.9999104142189026, -0.01333766430616379], [-0.004234735388308763, 0.013342380523681642, 0.9999020099639893]], "fy": 417.4686584472656, "fx": 417.69073486328125}, {"id": 18, "img_name": "00019", "width": 416, "height": 232, "position": [0.038440387696027756, -0.00034670613240450626, -0.05477645993232727], "rotation": [[0.9999964237213134, -0.0013908377150073647, 0.002275375882163644], [0.0014155224198475482, 0.9999397993087771, -0.010883228853344917], [-0.0022601021919399496, 0.010886410251259804, 0.9999381899833678]], "fy": 417.4686584472656, "fx": 417.69073486328125}, {"id": 19, "img_name": "00020", "width": 416, "height": 232, "position": [0.043190404772758484, -7.40092364139856e-05, -0.05643926560878754], "rotation": [[0.999910771846771, -0.003536151256412267, -0.012880505062639713], [0.0034110466949641705, 0.9999469518661498, -0.009721752256155014], [0.01291419845074415, 0.009676948189735413, 0.9998697638511659]], "fy": 417.4686584472656, "fx": 417.69073486328125}, {"id": 20, "img_name": "00021", "width": 416, "height": 232, "position": [0.06026412174105644, 0.003055450040847063, -0.05711729824542999], "rotation": [[0.9991568922996521, -0.005912928842008112, -0.040626417845487595], [0.005464849993586539, 0.9999231100082397, -0.011131461709737778], [0.04068911448121071, 0.01090005971491337, 0.9991124272346498]], "fy": 417.4686584472656, "fx": 417.69073486328125}, {"id": 21, "img_name": "00022", "width": 416, "height": 232, "position": [0.0681399255990982, 0.002442458877339959, -0.061772294342517846], "rotation": [[0.9983432292938232, -0.007154492661356928, -0.05709349736571311], [0.006646567955613138, 0.9999366998672486, -0.009081303142011164], [0.05715485289692877, 0.008686781860888004, 0.9983275532722472]], "fy": 417.4686584472656, "fx": 417.69073486328125}, {"id": 22, "img_name": "00023", "width": 416, "height": 232, "position": [0.07626620680093762, 0.0013677158858627079, -0.06008300557732581], "rotation": [[0.9975039958953856, -0.006024800240993501, -0.07035289704799651], [0.005513392388820648, 0.9999569654464722, -0.007461103145033121], [0.07039481401443481, 0.007054596673697232, 0.9974942803382871]], "fy": 417.4686584472656, "fx": 417.69073486328125}, {"id": 23, "img_name": "00024", "width": 416, "height": 232, "position": [0.08064613491296768, 0.0016558797797188163, -0.061680831015110016], "rotation": [[0.9975191354751586, -0.0068149310536682614, -0.07006510347127914], [0.0062192785553634175, 0.9999426603317263, -0.00871605332940817], [0.07012049108743666, 0.008258675225079061, 0.9975043535232545]], "fy": 417.4686584472656, "fx": 417.69073486328125}, {"id": 24, "img_name": "00025", "width": 416, "height": 232, "position": [0.09078063070774078, 0.003094085026532411, -0.06110721826553345], "rotation": [[0.9959256052970888, -0.00800505094230175, -0.08982270210981369], [0.007240958511829375, 0.9999347925186157, -0.008829312399029733], [0.08988752216100694, 0.008142935112118723, 0.9959186315536499]], "fy": 417.4686584472656, "fx": 417.69073486328125}, {"id": 25, "img_name": "00026", "width": 416, "height": 232, "position": [0.09464155137538911, -0.0015182341448962686, -0.06781819462776184], "rotation": [[0.9949520230293274, -0.008325115777552126, -0.1000058948993683], [0.00809395592659712, 0.9999635815620422, -0.0027169943787157536], [0.10002486407756805, 0.0018938359571620815, 0.9949831366539]], "fy": 417.4686584472656, "fx": 417.69073486328125}, {"id": 26, "img_name": "00027", "width": 416, "height": 232, "position": [0.10853460431098941, 0.001288493280299008, -0.06332369893789291], "rotation": [[0.9933242201805116, -0.009924516081809998, -0.11492829769849779], [0.009407090023159979, 0.9999430179595947, -0.005043674726039171], [0.11497180908918382, 0.003928863909095526, 0.9933609962463379]], "fy": 417.4686584472656, "fx": 417.69073486328125}, {"id": 27, "img_name": "00028", "width": 416, "height": 232, "position": [0.08664755523204802, 0.001875119050964713, -0.07369639724493025], "rotation": [[0.9957651495933532, -0.0054086013697087765, -0.09177398681640624], [0.0048444257117807865, 0.9999679923057556, -0.00636909855529666], [0.09180550277233122, 0.005897533614188432, 0.9957594871520996]], "fy": 417.4686584472656, "fx": 417.69073486328125}, {"id": 28, "img_name": "00029", "width": 416, "height": 232, "position": [0.10083317756652832, -0.000937124597840011, -0.07677935808897017], "rotation": [[0.9949589371681213, -0.010234230197966099, -0.0997597053647041], [0.010031833313405514, 0.9999464750289917, -0.0025302772410213943], [0.09978026896715164, 0.0015167491510510447, 0.99500834941864]], "fy": 417.4686584472656, "fx": 417.69073486328125}, {"id": 29, "img_name": "00030", "width": 416, "height": 232, "position": [0.06166203320026398, 0.0054861013777554035, -0.0890766829252243], "rotation": [[0.9973186254501342, -0.005350832827389241, -0.07298541814088821], [0.004736590199172497, 0.9999518990516664, -0.00858644861727953], [0.07302785664796829, 0.00821772310882807, 0.9972960352897643]], "fy": 417.4686584472656, "fx": 417.69073486328125}, {"id": 30, "img_name": "00031", "width": 416, "height": 232, "position": [0.061675906181335456, 0.005622957833111286, -0.09213067591190338], "rotation": [[0.9976929426193238, -0.006198724266141654, -0.06760467588901518], [0.0055626784451305875, 0.9999385476112366, -0.009592499583959578], [0.06765997409820558, 0.009194305166602136, 0.9976660609245299]], "fy": 417.4686584472656, "fx": 417.69073486328125}, {"id": 31, "img_name": "00032", "width": 416, "height": 232, "position": [0.034942056983709335, 0.023301638662815097, -0.09869773685932158], "rotation": [[0.9991835951805115, -0.00637259241193533, -0.039893802255392075], [0.005258571356534958, 0.9995949864387513, -0.02796757034957409], [0.04005587473511696, 0.02773495204746723, 0.998812437057495]], "fy": 417.4686584472656, "fx": 417.69073486328125}, {"id": 32, "img_name": "00033", "width": 416, "height": 232, "position": [0.06946153193712237, 0.006207219325006007, -0.09739875793457031], "rotation": [[0.9979649782180786, -0.007185381837189198, -0.06335873156785966], [0.006495155394077302, 0.9999173879623413, -0.011093188077211382], [0.06343320757150651, 0.010659087449312208, 0.9979291558265686]], "fy": 417.4686584472656, "fx": 417.69073486328125}, {"id": 33, "img_name": "00034", "width": 416, "height": 232, "position": [-0.002901457017287612, 0.01721961982548237, -0.10525461286306381], "rotation": [[0.9981151223182678, -0.007604062091559171, -0.060896020382642746], [0.00671458849683404, 0.9998679757118225, -0.014797787182033062], [0.0610004998743534, 0.014361004345119001, 0.998034417629242]], "fy": 417.4686584472656, "fx": 417.69073486328125}, {"id": 34, "img_name": "00035", "width": 416, "height": 232, "position": [0.0010997888166457412, 0.024127118289470673, -0.10651890933513641], "rotation": [[0.9982510805130005, -0.009667260572314262, -0.05832063406705857], [0.008396171033382416, 0.999722719192505, -0.022000659257173535], [0.05851715058088303, 0.021472513675689694, 0.9980554580688477]], "fy": 417.4686584472656, "fx": 417.69073486328125}, {"id": 35, "img_name": "00036", "width": 416, "height": 232, "position": [0.0002582281595095979, 0.020444087684154507, -0.11278597265481947], "rotation": [[0.998580276966095, -0.009246161207556723, -0.05245859175920486], [0.008287038654088972, 0.9997950196266174, -0.01847155578434467], [0.05261863023042679, 0.018010603263974183, 0.9984522461891173]], "fy": 417.4686584472656, "fx": 417.69073486328125}, {"id": 36, "img_name": "00037", "width": 416, "height": 232, "position": [0.0032251898664981135, 0.016180630773305893, -0.10197690129280092], "rotation": [[0.9980418682098389, -0.014685528352856638, -0.06080086529254914], [0.0139702744781971, 0.999828338623047, -0.012172319926321508], [0.06096918135881424, 0.011299080215394499, 0.9980756640434265]], "fy": 417.4686584472656, "fx": 417.69073486328125}, {"id": 37, "img_name": "00038", "width": 416, "height": 232, "position": [-0.008077834732830524, 0.0071184602566063395, -0.1013777107000351], "rotation": [[0.9971053600311279, -0.006828767713159323, -0.07572510838508607], [0.006872592959553003, 0.9999763369560242, 0.0003181619395036249], [0.0757211446762085, -0.0008376691257581116, 0.997128665447235]], "fy": 417.4686584472656, "fx": 417.69073486328125}, {"id": 38, "img_name": "00039", "width": 416, "height": 232, "position": [0.009187520481646061, 0.007886379957199097, -0.09950854629278184], "rotation": [[0.9933055639266967, -0.0025791812222450963, -0.11548756062984465], [0.0027515448164194814, 0.9999953508377073, 0.0013330916408449411], [0.11548358201980588, -0.0016419366002082825, 0.9933080077171328]], "fy": 417.4686584472656, "fx": 417.69073486328125}, {"id": 39, "img_name": "00040", "width": 416, "height": 232, "position": [0.004129109438508748, 0.012562014162540434, -0.10271143913269043], "rotation": [[0.9946249723434446, -0.004620810039341449, -0.10343964397907256], [0.0042510079219937325, 0.999983787536621, -0.0037952186539769173], [0.10345549881458281, 0.0033350964076817036, 0.9946284890174865]], "fy": 417.4686584472656, "fx": 417.69073486328125}, {"id": 40, "img_name": "00041", "width": 416, "height": 232, "position": [0.026626572012901303, -0.0006239943904802202, -0.08526071161031722], "rotation": [[0.9899803400039673, 0.001088672433979809, -0.1412011086940765], [0.0007661933195777235, 0.9999141693115233, 0.013081293553113934], [0.14120322465896604, -0.01305841095745563, 0.9898945093154906]], "fy": 417.4686584472656, "fx": 417.69073486328125}, {"id": 41, "img_name": "00042", "width": 416, "height": 232, "position": [0.03147323057055473, 0.007398165296763181, -0.08518554270267488], "rotation": [[0.9877228140830994, -0.0007515554316341878, -0.1562149524688721], [0.0016729647759348156, 0.9999819993972779, 0.005766951013356448], [0.15620779991149902, -0.005957491230219603, 0.9877062439918518]], "fy": 417.4686584472656, "fx": 417.69073486328125}, {"id": 42, "img_name": "00043", "width": 416, "height": 232, "position": [0.029449131339788433, 0.013714385218918327, -0.08724411576986311], "rotation": [[0.9870701432228088, -0.004522144328802825, -0.16022521257400513], [0.0046580177731812, 0.9999890327453614, 0.0004724330792669208], [0.16022130846977234, -0.001212656032294035, 0.9870803952217103]], "fy": 417.4686584472656, "fx": 417.69073486328125}, {"id": 43, "img_name": "00044", "width": 416, "height": 232, "position": [0.012062111869454384, 0.006941371131688357, -0.08781914412975311], "rotation": [[0.9882856011390685, -0.004382584244012831, -0.1525528132915497], [0.006109451875090598, 0.999922454357147, 0.010852884501218794], [0.152493417263031, -0.01165776327252388, 0.9882357120513916]], "fy": 417.4686584472656, "fx": 417.69073486328125}, {"id": 44, "img_name": "00045", "width": 416, "height": 232, "position": [0.008500697091221808, -0.0037467996589839463, -0.0807889476418495], "rotation": [[0.9888160824775697, -0.0025107606779783973, -0.14911882579326632], [0.006193650886416435, 0.9996870160102846, 0.024238441139459613], [0.1490112990140915, -0.024890951812267303, 0.9885221719741822]], "fy": 417.4686584472656, "fx": 417.69073486328125}, {"id": 45, "img_name": "00046", "width": 416, "height": 232, "position": [0.02514022402465343, 0.004471089690923691, -0.08481446653604507], "rotation": [[0.985272467136383, -0.006427978631108999, -0.17087067663669586], [0.009301296435296535, 0.9998283982276918, 0.016020508483052254], [0.17073838412761685, -0.017373884096741676, 0.9851632118225097]], "fy": 417.4686584472656, "fx": 417.69073486328125}, {"id": 46, "img_name": "00047", "width": 416, "height": 232, "position": [0.038146138191223145, 0.0009108651429414756, -0.08805207163095474], "rotation": [[0.981512427330017, -0.0051804184913635245, -0.1913281083106995], [0.009400563314557076, 0.9997320175170898, 0.02115599997341632], [0.19116723537445066, -0.022563470527529713, 0.9812980890274047]], "fy": 417.4686584472656, "fx": 417.69073486328125}, {"id": 47, "img_name": "00048", "width": 416, "height": 232, "position": [0.04282683134078981, -0.0009738656226545574, -0.08529533445835115], "rotation": [[0.9797712564468386, -0.003985031507909298, -0.20008113980293282], [0.009073019027709963, 0.9996581673622132, 0.024519128724932678], [0.19991505146026617, -0.025838477537035946, 0.9794725179672242]], "fy": 417.4686584472656, "fx": 417.69073486328125}, {"id": 48, "img_name": "00049", "width": 416, "height": 232, "position": [0.054067682474851615, -0.004608156159520148, -0.08649719506502153], "rotation": [[0.9750316143035891, -0.0007906036917120225, -0.22206467390060425], [0.007464099675416945, 0.9995452761650085, 0.029214406386017792], [0.22194060683250424, -0.03014248423278331, 0.9745941758155823]], "fy": 417.4686584472656, "fx": 417.69073486328125}, {"id": 49, "img_name": "00050", "width": 416, "height": 232, "position": [0.05916091799736022, -0.008713997900485992, -0.08321438729763031], "rotation": [[0.9744454622268675, 0.0014595184475183487, -0.22461961209774012], [0.006349258590489628, 0.9994003772735598, 0.03403821215033532], [0.22453461587429044, -0.034594547003507614, 0.9738518595695497]], "fy": 417.4686584472656, "fx": 417.69073486328125}, {"id": 50, "img_name": "00051", "width": 416, "height": 232, "position": [0.06984590739011765, -0.007901263423264027, -0.07900230586528777], "rotation": [[0.9717534184455872, 0.0004929050337523218, -0.23599795997142792], [0.007699262350797652, 0.9993993043899537, 0.03379009664058685], [0.23587284982204434, -0.034652650356292725, 0.971165895462036]], "fy": 417.4686584472656, "fx": 417.69073486328125}, {"id": 51, "img_name": "00052", "width": 416, "height": 232, "position": [0.08062228560447693, -0.012809457257390024, -0.07710221409797668], "rotation": [[0.9687029123306273, 0.0018333317711949342, -0.2482164055109024], [0.008421814069151877, 0.9991542696952818, 0.04024723172187805], [0.2480802685022354, -0.041078038513660424, 0.9678682088851929]], "fy": 417.4686584472656, "fx": 417.69073486328125}, {"id": 52, "img_name": "00053", "width": 416, "height": 232, "position": [0.08671537786722185, -0.012124649249017239, -0.07686290144920349], "rotation": [[0.9672777652740479, 0.0010325298644602286, -0.2537176311016083], [0.009386593475937842, 0.9991614818572997, 0.0398518145084381], [0.2535460293292999, -0.040929317474365234, 0.9664570093154906]], "fy": 417.4686584472656, "fx": 417.69073486328125}, {"id": 53, "img_name": "00054", "width": 416, "height": 232, "position": [0.090933695435524, -0.01293192710727453, -0.07812809199094772], "rotation": [[0.9681923389434816, 0.0005530081689357742, -0.2502066195011139], [0.009804667904973032, 0.9991456270217896, 0.04014821723103524], [0.25001505017280584, -0.04132438823580741, 0.967359721660614]], "fy": 417.4686584472656, "fx": 417.69073486328125}, {"id": 54, "img_name": "00055", "width": 416, "height": 232, "position": [0.09431064873933792, -0.013581095263361933, -0.08039651066064833], "rotation": [[0.9690531492233277, 0.0005722055211663227, -0.24685160815715787], [0.009766700677573681, 0.9991254210472108, 0.04065664112567901], [0.24665899574756622, -0.04180937260389329, 0.9682000279426575]], "fy": 417.4686584472656, "fx": 417.69073486328125}, {"id": 55, "img_name": "00056", "width": 416, "height": 232, "position": [0.09631712734699249, -0.014308949932456017, -0.08274410665035249], "rotation": [[0.9702349901199339, 0.0002395375631749613, -0.24216505885124207], [0.010065374895930288, 0.9990954399108889, 0.041315168142318726], [0.2419559061527252, -0.042522907257080085, 0.9693549871444703]], "fy": 417.4686584472656, "fx": 417.69073486328125}, {"id": 56, "img_name": "00057", "width": 416, "height": 232, "position": [0.0994933173060417, -0.015034678392112252, -0.08391612768173218], "rotation": [[0.9709388017654417, 0.0005210693925619124, -0.23932741582393646], [0.009787280112504954, 0.9990746378898621, 0.04188172519207], [0.23912777006626126, -0.04300695657730102, 0.9700352549552917]], "fy": 417.4686584472656, "fx": 417.69073486328125}, {"id": 57, "img_name": "00058", "width": 416, "height": 232, "position": [0.10074725002050401, -0.014921981841325762, -0.08613233268260957], "rotation": [[0.9720792174339293, 0.00047570234164595593, -0.23465250432491308], [0.00950422137975693, 0.9990975260734556, 0.04139793664216995], [0.23446042835712436, -0.04247226566076278, 0.9711974263191222]], "fy": 417.4686584472656, "fx": 417.69073486328125}, {"id": 58, "img_name": "00059", "width": 416, "height": 232, "position": [0.10321001708507536, -0.016198536381125454, -0.08912814408540726], "rotation": [[0.9734532833099365, 0.001210539834573861, -0.22888243198394775], [0.008779097348451614, 0.999052703380585, 0.04262201115489007], [0.22871720790863037, -0.0434999205172062, 0.9725205302238465]], "fy": 417.4686584472656, "fx": 417.69073486328125}, {"id": 59, "img_name": "00060", "width": 416, "height": 232, "position": [0.10894796252250671, -0.019464598968625072, -0.08631100505590439], "rotation": [[0.9727409482002258, 0.0008279592730104921, -0.23189289867877957], [0.010300483554601673, 0.9988523721694947, 0.046774659305810935], [0.23166550695896146, -0.04788823798298837, 0.9716160893440247]], "fy": 417.4686584472656, "fx": 417.69073486328125}, {"id": 60, "img_name": "00061", "width": 416, "height": 232, "position": [0.11260550469160079, -0.01899310760200024, -0.08692619204521178], "rotation": [[0.9729518294334412, 0.0004437905736267567, -0.23100753128528592], [0.010409558191895483, 0.9988981485366821, 0.045761685818433755], [0.23077331483364102, -0.04692860320210457, 0.9718751907348632]], "fy": 417.4686584472656, "fx": 417.69073486328125}, {"id": 61, "img_name": "00062", "width": 416, "height": 232, "position": [0.1164918318390846, -0.019886093214154243, -0.0873437449336052], "rotation": [[0.9730881452560424, 0.0006384323351085196, -0.23043246567249293], [0.010309999808669087, 0.9988741278648376, 0.0463053435087204], [0.23020260035991663, -0.04743494093418121, 0.971985936164856]], "fy": 417.4686584472656, "fx": 417.69073486328125}, {"id": 62, "img_name": "00063", "width": 416, "height": 232, "position": [0.12005044519901274, -0.01956097036600113, -0.0893106833100319], "rotation": [[0.9732863306999205, 0.0003684191033244159, -0.22959440946578974], [0.010377943515777584, 0.9989060163497923, 0.04559658095240593], [0.2293600440025329, -0.046761248260736465, 0.9722177386283875]], "fy": 417.4686584472656, "fx": 417.69073486328125}, {"id": 63, "img_name": "00064", "width": 416, "height": 232, "position": [0.12281735241413118, -0.020730793476104736, -0.09042454510927199], "rotation": [[0.9738807678222656, -0.000189980491995813, -0.22705985605716705], [0.011054920032620432, 0.9988533854484559, 0.04657984897494316], [0.226790651679039, -0.047873351722955704, 0.9727662205696106]], "fy": 417.4686584472656, "fx": 417.69073486328125}, {"id": 64, "img_name": "00065", "width": 416, "height": 232, "position": [0.12506699562072754, -0.0202042032033205, -0.09210430085659027], "rotation": [[0.9743551611900328, -0.00045670755207538805, -0.2250150889158249], [0.010928438045084476, 0.9989138841629028, 0.04529460892081261], [0.22475002706050873, -0.04659209772944451, 0.973301887512207]], "fy": 417.4686584472656, "fx": 417.69073486328125}, {"id": 65, "img_name": "00066", "width": 416, "height": 232, "position": [0.1296646744012833, -0.019514441490173343, -0.09346436709165573], "rotation": [[0.9742811918258668, -0.0013050776906311484, -0.22533196210861212], [0.011446645483374597, 0.9989788532257079, 0.043706692755222334], [0.22504481673240662, -0.0451619029045105, 0.9733012318611146]], "fy": 417.4686584472656, "fx": 417.69073486328125}, {"id": 66, "img_name": "00067", "width": 416, "height": 232, "position": [0.13460804522037503, -0.018473170697689056, -0.09517629444599152], "rotation": [[0.9740123152732849, -0.0011298176832497083, -0.22649227082729342], [0.01072079502046108, 0.9990966916084288, 0.041120130568742745], [0.22624121606349948, -0.042479690164327615, 0.9731445908546449]], "fy": 417.4686584472656, "fx": 417.69073486328125}, {"id": 67, "img_name": "00068", "width": 416, "height": 232, "position": [0.13585950434207916, -0.018961077556014058, -0.09674400091171266], "rotation": [[0.9745044112205504, -0.0025397283025085935, -0.22435392439365384], [0.011943256482481955, 0.9991054534912108, 0.04056670889258384], [0.22405020892620087, -0.04221195355057716, 0.9736630320549012]], "fy": 417.4686584472656, "fx": 417.69073486328125}, {"id": 68, "img_name": "00069", "width": 416, "height": 232, "position": [0.13946585357189178, -0.018804533407092094, -0.09759434312582013], "rotation": [[0.9743165969848634, -0.0025207055732607868, -0.2251683920621872], [0.011363890953361986, 0.9992136359214782, 0.03798622265458106], [0.22489558160305023, -0.039569396525621414, 0.9735790491104126]], "fy": 417.4686584472656, "fx": 417.69073486328125}, {"id": 69, "img_name": "00070", "width": 416, "height": 232, "position": [0.14365392923355103, -0.019057644531130794, -0.09796547144651412], "rotation": [[0.9736970067024231, -0.0029048537835478804, -0.22782811522483826], [0.011550864204764366, 0.9992622733116151, 0.03662553429603577], [0.22755366563796994, -0.03829378634691238, 0.9730122685432433]], "fy": 417.4686584472656, "fx": 417.69073486328125}, {"id": 70, "img_name": "00071", "width": 416, "height": 232, "position": [0.14373153448104858, -0.01780483685433865, -0.10125788301229478], "rotation": [[0.9743112921714783, -0.0047107501886785004, -0.22515605390071872], [0.012529883533716204, 0.9993664622306823, 0.03331128880381584], [0.2248564809560776, -0.03527674451470376, 0.9737530946731567]], "fy": 417.4686584472656, "fx": 417.69073486328125}, {"id": 71, "img_name": "00072", "width": 416, "height": 232, "position": [0.15038961172103882, -0.020608320832252502, -0.09839946776628494], "rotation": [[0.9722435474395752, -0.003114677499979733, -0.23395046591758728], [0.011410620063543323, 0.9993527531623843, 0.03411508351564408], [0.23369279503822327, -0.03583768755197526, 0.9716498255729676]], "fy": 417.4686584472656, "fx": 417.69073486328125}, {"id": 72, "img_name": "00073", "width": 416, "height": 232, "position": [0.1486467570066452, -0.020622747018933293, -0.10051248222589494], "rotation": [[0.9728866219520569, -0.004114835523068903, -0.23124589025974274], [0.011839236132800579, 0.999416947364807, 0.03202563151717187], [0.23097927868366244, -0.033895086497068405, 0.972368061542511]], "fy": 417.4686584472656, "fx": 417.69073486328125}, {"id": 73, "img_name": "00074", "width": 416, "height": 232, "position": [0.1554612070322037, -0.020274113863706592, -0.09957821667194364], "rotation": [[0.9708997011184693, -0.004600429441779853, -0.23944239318370814], [0.01167088933289051, 0.9995364546775818, 0.02811936289072037], [0.2392020374536514, -0.03009558469057083, 0.9705032706260679]], "fy": 417.4686584472656, "fx": 417.69073486328125}, {"id": 74, "img_name": "00075", "width": 416, "height": 232, "position": [0.15101613104343412, -0.0199140701442957, -0.10127584636211398], "rotation": [[0.9722020626068114, -0.006573437713086607, -0.23405101895332336], [0.012871890328824522, 0.9995946884155273, 0.025393199175596244], [0.23378923535346988, -0.02769999951124192, 0.9718926548957825]], "fy": 417.4686584472656, "fx": 417.69073486328125}, {"id": 75, "img_name": "00076", "width": 416, "height": 232, "position": [0.1490742415189743, -0.0204292181879282, -0.10447339713573456], "rotation": [[0.9728124737739563, -0.009046385996043684, -0.23141746222972873], [0.014941954053938389, 0.9996066093444824, 0.023735873401165005], [0.23111169040203094, -0.026548381894826896, 0.9725649356842041]], "fy": 417.4686584472656, "fx": 417.69073486328125}, {"id": 76, "img_name": "00077", "width": 416, "height": 232, "position": [0.15468063950538638, -0.02168048918247223, -0.10343214869499207], "rotation": [[0.9708065986633302, -0.009267249144613743, -0.23968459665775305], [0.015040845610201357, 0.9996388554573059, 0.02227030135691166], [0.23939163982868195, -0.025225212797522545, 0.9705953598022462]], "fy": 417.4686584472656, "fx": 417.69073486328125}, {"id": 77, "img_name": "00078", "width": 416, "height": 232, "position": [0.15693964064121246, -0.022433701902627945, -0.10303302109241487], "rotation": [[0.9696252942085267, -0.010199076496064661, -0.24438245594501498], [0.015641285106539726, 0.9996708035469054, 0.020338891074061397], [0.24409456551074984, -0.02354355715215206, 0.9694656133651736]], "fy": 417.4686584472656, "fx": 417.69073486328125}, {"id": 78, "img_name": "00079", "width": 416, "height": 232, "position": [0.15541329979896545, -0.024779597297310826, -0.10572956502437592], "rotation": [[0.9695095419883728, -0.01202464569360018, -0.2447583228349686], [0.017362341284751892, 0.9996559023857116, 0.019662043079733845], [0.24443767964839935, -0.023312116041779515, 0.969384729862213]], "fy": 417.4686584472656, "fx": 417.69073486328125}, {"id": 79, "img_name": "00080", "width": 416, "height": 232, "position": [0.15447862446308136, -0.02419926039874554, -0.10775180906057358], "rotation": [[0.9694660305976868, -0.013493647798895838, -0.24485418200492856], [0.01799277774989605, 0.9997076988220216, 0.01614709384739399], [0.24456474184989932, -0.02005966566503048, 0.9694254398345946]], "fy": 417.4686584472656, "fx": 417.69073486328125}, {"id": 80, "img_name": "00081", "width": 416, "height": 232, "position": [0.14342120289802554, -0.020109960809350014, -0.1144469976425171], "rotation": [[0.97244930267334, -0.015435714274644852, -0.23260281980037695], [0.01787930354475975, 0.9998048543930054, 0.008400643244385721], [0.23242776095867165, -0.012327978387475015, 0.9725354909896851]], "fy": 417.4686584472656, "fx": 417.69073486328125}, {"id": 81, "img_name": "00082", "width": 416, "height": 232, "position": [0.13513870537281036, -0.019750792533159253, -0.11671392619609834], "rotation": [[0.9750941991806029, -0.01779971830546856, -0.2210756242275238], [0.019422488287091255, 0.9997979998588562, 0.005168513394892215], [0.22093898057937625, -0.009333630092442034, 0.9752429723739624]], "fy": 417.4686584472656, "fx": 417.69073486328125}, {"id": 82, "img_name": "00083", "width": 416, "height": 232, "position": [0.12522388994693753, -0.018348293378949165, -0.12003585696220398], "rotation": [[0.9777421355247498, -0.020594155415892598, -0.20879696309566498], [0.021185440942645066, 0.9997754096984864, 0.0005956515669822707], [0.20873780548572538, -0.0050058504566550255, 0.9779587984085082]], "fy": 417.4686584472656, "fx": 417.69073486328125}, {"id": 83, "img_name": "00084", "width": 416, "height": 232, "position": [0.12233030050992964, -0.02089204452931881, -0.12105040997266768], "rotation": [[0.9790027141571043, -0.02156385779380798, -0.20270344614982602], [0.02196889743208885, 0.9997586011886597, -0.00025181053206324566], [0.20265993475914001, -0.004206647630780934, 0.9792401194572449]], "fy": 417.4686584472656, "fx": 417.69073486328125}, {"id": 84, "img_name": "00085", "width": 416, "height": 232, "position": [0.11500678956508636, -0.018198875710368153, -0.12207218259572983], "rotation": [[0.9811052680015564, -0.023657614365220073, -0.1920229941606522], [0.022843347862362858, 0.9997182488441467, -0.0064535015262663364], [0.19212155044078827, 0.0019451170228421688, 0.9813691973686219]], "fy": 417.4686584472656, "fx": 417.69073486328125}, {"id": 85, "img_name": "00086", "width": 416, "height": 232, "position": [0.10633365064859387, -0.012912189587950706, -0.12576866149902347], "rotation": [[0.9837542176246641, -0.025477340444922437, -0.17770349979400635], [0.023097751662135117, 0.9996138811111448, -0.015447041951119895], [0.17802843451499936, 0.011091542430222034, 0.9839628338813784]], "fy": 417.4686584472656, "fx": 417.69073486328125}, {"id": 86, "img_name": "00087", "width": 416, "height": 232, "position": [0.09941792488098143, -0.009711919352412222, -0.1240266039967537], "rotation": [[0.9864729642868041, -0.027860114350914945, -0.16153921186923975], [0.024529507383704185, 0.9994441270828247, -0.022576138377189633], [0.162078395485878, 0.018308274447917935, 0.9866080284118653]], "fy": 417.4686584472656, "fx": 417.69073486328125}, {"id": 87, "img_name": "00088", "width": 416, "height": 232, "position": [0.1019500121474266, -0.008426457643508913, -0.12762865424156186], "rotation": [[0.9857977032661439, -0.028570201247930527, -0.165488913655281], [0.024506539106369022, 0.9993471503257753, -0.026545936241745945], [0.16613928973674774, 0.022113362327218056, 0.9858543276786803]], "fy": 417.4686584472656, "fx": 417.69073486328125}, {"id": 88, "img_name": "00089", "width": 416, "height": 232, "position": [0.09687107801437377, -0.005708557087928057, -0.12825463712215426], "rotation": [[0.9873389601707457, -0.03141978755593299, -0.1554817259311676], [0.026526475325226787, 0.9990884065628053, -0.03344780206680298], [0.15639090538024902, 0.028899934142827984, 0.987272322177887]], "fy": 417.4686584472656, "fx": 417.69073486328125}, {"id": 89, "img_name": "00090", "width": 416, "height": 232, "position": [0.09806109964847563, -0.0036814450286328775, -0.1322520524263382], "rotation": [[0.9868947267532349, -0.031979285180568695, -0.15816472470760345], [0.02622549422085285, 0.9989207983016967, -0.0383332371711731], [0.1592199057340622, 0.0336829200387001, 0.9866683483123778]], "fy": 417.4686584472656, "fx": 417.69073486328125}, {"id": 90, "img_name": "00091", "width": 416, "height": 232, "position": [0.0938364788889885, -0.0024926112964749336, -0.12842537462711334], "rotation": [[0.9886218905448914, -0.034648649394512177, -0.1463770419359207], [0.028724364936351776, 0.9986879229545593, -0.0423949658870697], [0.1476539224386215, 0.03770799934864044, 0.988319993019104]], "fy": 417.4686584472656, "fx": 417.69073486328125}, {"id": 91, "img_name": "00092", "width": 416, "height": 232, "position": [0.08950500935316084, 0.0021977685391902898, -0.13078869879245755], "rotation": [[0.9896116852760316, -0.03780203312635421, -0.1387071758508682], [0.031035548076033582, 0.9982353448867797, -0.05062599107623099], [0.1403761655092239, 0.04579522088170051, 0.989038586616516]], "fy": 417.4686584472656, "fx": 417.69073486328125}, {"id": 92, "img_name": "00093", "width": 416, "height": 232, "position": [0.08922065794467927, -0.00029828120023012123, -0.12976205348968503], "rotation": [[0.9899451732635498, -0.038106434047222144, -0.13622230291366577], [0.0315367728471756, 0.9982479214668273, -0.05006519705057145], [0.13789144158363348, 0.045265793800354004, 0.9894124269485474]], "fy": 417.4686584472656, "fx": 417.69073486328125}, {"id": 93, "img_name": "00094", "width": 416, "height": 232, "position": [0.07954236119985579, 0.002162979915738108, -0.12926806509494781], "rotation": [[0.9917687177658081, -0.04248286783695221, -0.12078922241926193], [0.03591504693031311, 0.9977822899818422, -0.05604165419936181], [0.12290214747190477, 0.05124220624566079, 0.9910950064659119]], "fy": 417.4686584472656, "fx": 417.69073486328125}, {"id": 94, "img_name": "00095", "width": 416, "height": 232, "position": [0.07302764803171158, 0.0036239679902791994, -0.1310529857873917], "rotation": [[0.9926850795745848, -0.04271541163325309, -0.11292350292205809], [0.036110710352659225, 0.9975509643554689, -0.059901077300310135], [0.11520564556121826, 0.05538516119122505, 0.9917964339256287]], "fy": 417.4686584472656, "fx": 417.69073486328125}, {"id": 95, "img_name": "00096", "width": 416, "height": 232, "position": [0.06296478211879729, 0.003054321277886629, -0.13169316947460175], "rotation": [[0.9938897490501402, -0.046086676418781274, -0.10029558837413785], [0.040076069533824914, 0.9973242878913879, -0.06114089861512184], [0.10284501314163207, 0.056747857481241226, 0.9930773377418517]], "fy": 417.4686584472656, "fx": 417.69073486328125}, {"id": 96, "img_name": "00097", "width": 416, "height": 232, "position": [0.05552833899855615, 0.0034396369010210063, -0.13442233204841617], "rotation": [[0.9947214126586914, -0.04717553406953811, -0.09112507849931718], [0.04146994650363922, 0.9971183538436887, -0.0635231137275696], [0.0938592329621315, 0.05940884724259376, 0.9938113689422609]], "fy": 417.4686584472656, "fx": 417.69073486328125}, {"id": 97, "img_name": "00001", "width": 416, "height": 232, "position": [-0.0052983216010034076, -0.003615033812820911, 0.0007761269807815552], "rotation": [[0.9999847412109375, 0.0017594767268747091, 0.0052348808385431775], [-0.0017794941086322065, 0.9999911189079282, 0.0038216316606849423], [-0.005228110123425723, -0.0038308890070766206, 0.9999790191650392]], "fy": 417.4686584472656, "fx": 417.69073486328125}, {"id": 98, "img_name": "00002", "width": 416, "height": 232, "position": [-0.007614580914378167, -0.008135028183460237, 0.00024245324311777955], "rotation": [[0.9999303817749025, 0.0029934211634099488, 0.011412123218178753], [-0.0030885250307619576, 