{
    "w": 480,
    "h": 720,
    "fl_x": 417.69073486328125,
    "fl_y": 417.4686584472656,
    "cx": 241.15383911132812,
    "cy": 135.57691955566406,
    "frames": [
        {
            "file_path": "images/00001",
            "transform_matrix": [
                [
                    0.9999847412109375,
                    0.0017594767268747091,
                    0.005234880838543177,
                    -0.005298321601003408
                ],
                [
                    -0.001779494108632207,
                    0.9999911189079285,
                    0.003821631660684943,
                    -0.0036150338128209114
                ],
                [
                    -0.005228110123425722,
                    -0.003830889007076621,
                    0.9999790191650391,
                    0.0007761269807815552
                ],
                [
                    0.0,
                    0.0,
                    0.0,
                    1.0
                ]
            ],
            "time": 0.0
        },
        {
            "file_path": "images/00002",
            "transform_matrix": [
                [
                    0.9999303817749023,
                    0.0029934211634099483,
                    0.011412123218178749,
                    -0.007614580914378166
                ],
                [
                    -0.003088525030761957,
                    0.9999606013298035,
                    0.008325104601681232,
                    -0.008135028183460236
                ],
                [
                    -0.011386752128601074,
                    -0.008359772153198719,
                    0.999900221824646,
                    0.0002424532431177795
                ],
                [
                    0.0,
                    0.0,
                    0.0,
                    1.0
                ]
            ],
            "time": 0.03125
        },
        {
            "file_path": "images/00003",
            "transform_matrix": [
                [
                    0.9999325275421143,
                    0.0028819928411394358,
                    0.011254563927650452,
                    -0.00474156579002738
                ],
                [
                    -0.002974665490910411,
                    0.9999617338180542,
                    0.008226189762353897,
                    -0.00850678700953722
                ],
                [
                    -0.011230425909161568,
                    -0.008259113878011703,
                    0.9999028444290161,
                    -0.0028116628527641296
                ],
                [
                    0.0,
                    0.0,
                    0.0,
                    1.0
                ]
            ],
            "time": 0.0625
        },
        {
            "file_path": "images/00004",
            "transform_matrix": [
                [
                    0.9999227523803711,
                    0.0026314163114875555,
                    0.012147842906415462,
                    -0.002116365823894739
                ],
                [
                    -0.002693829359486699,
                    0.9999832510948181,
                    0.005124298855662346,
                    -0.006660665385425091
                ],
                [
                    -0.012134154327213764,
                    -0.005156626924872398,
                    0.9999130964279175,
                    -0.007414634805172682
                ],
                [
                    0.0,
                    0.0,
                    0.0,
                    1.0
                ]
            ],
            "time": 0.09375
        },
        {
            "file_path": "images/00005",
            "transform_matrix": [
                [
                    0.9999063611030579,
                    0.0025961517821997404,
                    0.013436696492135525,
                    -0.0005470993928611279
                ],
                [
                    -0.0026467812713235617,
                    0.9999894499778748,
                    0.00375160900875926,
                    -0.006347930524498224
                ],
                [
                    -0.013426815159618855,
                    -0.003786821849644184,
                    0.9999026656150818,
                    -0.010571245104074478
                ],
                [
                    0.0,
                    0.0,
                    0.0,
                    1.0
                ]
            ],
            "time": 0.125
        },
        {
            "file_path": "images/00006",
            "transform_matrix": [
                [
                    0.999876081943512,
                    0.002381320344284177,
                    0.015559305436909199,
                    0.00012742183753289282
                ],
                [
                    -0.0024340308737009764,
                    0.9999913573265076,
                    0.0033696661703288555,
                    -0.006752504501491785
                ],
                [
                    -0.015551147051155567,
                    -0.003407120704650879,
                    0.9998732805252075,
                    -0.012751620262861252
                ],
                [
                    0.0,
                    0.0,
                    0.0,
                    1.0
                ]
            ],
            "time": 0.15625
        },
        {
            "file_path": "images/00007",
            "transform_matrix": [
                [
                    0.9998776912689209,
                    0.0021841658744961023,
                    0.01548730581998825,
                    0.0028999352362006903
                ],
                [
                    -0.0021943983156234026,
                    0.9999973773956299,
                    0.0006437415140680969,
                    -0.005291065201163292
                ],
                [
                    -0.015485858544707298,
                    -0.0006776480586268008,
                    0.9998798370361328,
                    -0.015752412378787994
                ],
                [
                    0.0,
                    0.0,
                    0.0,
                    1.0
                ]
            ],
            "time": 0.1875
        },
        {
            "file_path": "images/00008",
            "transform_matrix": [
                [
                    0.9998490214347839,
                    0.0023813422303646803,
                    0.017212722450494766,
                    0.004270171280950308
                ],
                [
                    -0.0023801906500011683,
                    0.9999971389770508,
                    -8.738044562051073e-05,
                    -0.0054640439338982105
                ],
                [
                    -0.0172128826379776,
                    4.6397683036047965e-05,
                    0.9998518228530884,
                    -0.019252777099609375
                ],
                [
                    0.0,
                    0.0,
                    0.0,
                    1.0
                ]
            ],
            "time": 0.21875
        },
        {
            "file_path": "images/00009",
            "transform_matrix": [
                [
                    0.9999060034751892,
                    0.0015515685081481934,
                    0.013623395934700966,
                    0.009380025789141655
                ],
                [
                    -0.001448246417567134,
                    0.9999701380729675,
                    -0.00759076327085495,
                    0.0003350363695062697
                ],
                [
                    -0.013634767383337021,
                    0.007570319809019566,
                    0.9998784065246582,
                    -0.023390023037791252
                ],
                [
                    0.0,
                    0.0,
                    0.0,
                    1.0
                ]
            ],
            "time": 0.25
        },
        {
            "file_path": "images/00010",
            "transform_matrix": [
                [
                    0.9999634623527527,
                    0.0006547691882587969,
                    0.008524242788553238,
                    0.017408600077033043
                ],
                [
                    -0.0005604003672488034,
                    0.9999386072158813,
                    -0.011068321764469147,
                    0.00252878712490201
                ],
                [
                    -0.008530966937541962,
                    0.011063139885663986,
                    0.9999024271965027,
                    -0.027634767815470695
                ],
                [
                    0.0,
                    0.0,
                    0.0,
                    1.0
                ]
            ],
            "time": 0.28125
        },
        {
            "file_path": "images/00011",
            "transform_matrix": [
                [
                    0.9999887943267822,
                    -0.0011620977893471718,
                    -0.004593560006469488,
                    0.02845005877315998
                ],
                [
                    0.0010897249449044466,
                    0.9998757243156433,
                    -0.01572650671005249,
                    0.00650793919339776
                ],
                [
                    0.004611265379935503,
                    0.01572132483124733,
                    0.9998657703399658,
                    -0.030442239716649055
                ],
                [
                    0.0,
                    0.0,
                    0.0,
                    1.0
                ]
            ],
            "time": 0.3125
        },
        {
            "file_path": "images/00012",
            "transform_matrix": [
                [
                    0.9999896287918091,
                    -0.0014639156870543957,
                    -0.004310108721256256,
                    0.025849780067801476
                ],
                [
                    0.0013964208774268627,
                    0.9998770356178284,
                    -0.015621219761669636,
                    0.006820426322519779
                ],
                [
                    0.004332446493208408,
                    0.015615039505064487,
                    0.9998686909675598,
                    -0.034028712660074234
                ],
                [
                    0.0,
                    0.0,
                    0.0,
                    1.0
                ]
            ],
            "time": 0.34375
        },
        {
            "file_path": "images/00013",
            "transform_matrix": [
                [
                    0.9999138116836548,
                    -0.0008756903698667884,
                    -0.013098056428134441,
                    0.032819733023643494
                ],
                [
                    0.0006874609971418977,
                    0.9998965263366699,
                    -0.014368393458425999,
                    0.005509139969944954
                ],
                [
                    0.013109282590448856,
                    0.014358150772750378,
                    0.9998109936714172,
                    -0.03972494974732399
                ],
                [
                    0.0,
                    0.0,
                    0.0,
                    1.0
                ]
            ],
            "time": 0.375
        },
        {
            "file_path": "images/00014",
            "transform_matrix": [
                [
                    0.9999990463256836,
                    -0.001163243199698627,
                    -0.0007699928246438503,
                    0.02566247619688511
                ],
                [
                    0.0011537502286955714,
                    0.9999247193336487,
                    -0.01221644040197134,
                    0.0029546625446528196
                ],
                [
                    0.0007841455517336726,
                    0.012215540744364262,
                    0.9999250769615173,
                    -0.04277956485748291
                ],
                [
                    0.0,
                    0.0,
                    0.0,
                    1.0
                ]
            ],
            "time": 0.40625
        },
        {
            "file_path": "images/00015",
            "transform_matrix": [
                [
                    0.9999991655349731,
                    -0.0008081375854089856,
                    0.000984446844086051,
                    0.02809149958193302
                ],
                [
                    0.0008187221828848124,
                    0.999941349029541,
                    -0.010799233801662922,
                    0.0010501284850761294
                ],
                [
                    -0.0009756618528626859,
                    0.010800031013786793,
                    0.9999412298202515,
                    -0.04533914476633072
                ],
                [
                    0.0,
                    0.0,
                    0.0,
                    1.0
                ]
            ],
            "time": 0.4375
        },
        {
            "file_path": "images/00016",
            "transform_matrix": [
                [
                    0.9999998807907104,
                    -0.00022418246953748167,
                    -0.0004331546660978347,
                    0.03291281685233116
                ],
                [
                    0.00021896726684644818,
                    0.9999279379844666,
                    -0.012002806179225445,
                    0.0015914617106318474
                ],
                [
                    0.00043581429054029286,
                    0.012002709321677685,
                    0.9999278783798218,
                    -0.049001943320035934
                ],
                [
                    0.0,
                    0.0,
                    0.0,
                    1.0
                ]
            ],
            "time": 0.46875
        },
        {
            "file_path": "images/00017",
            "transform_matrix": [
                [
                    0.9999975562095642,
                    -0.0005504098371602595,
                    0.002135074930265546,
                    0.03394981846213341
                ],
                [
                    0.0005760362255387008,
                    0.9999275803565979,
                    -0.012020563706755638,
                    0.0010199180105701089
                ],
                [
                    -0.0021283042151480913,
                    0.012021765112876892,
                    0.9999254941940308,
                    -0.051096558570861816
                ],
                [
                    0.0,
                    0.0,
                    0.0,
                    1.0
                ]
            ],
            "time": 0.5
        },
        {
            "file_path": "images/00018",
            "transform_matrix": [
                [
                    0.9999904036521912,
                    -0.001083513256162405,
                    0.00424956763163209,
                    0.035768941044807434
                ],
                [
                    0.0011401064693927765,
                    0.9999104142189026,
                    -0.013337664306163788,
                    0.0018522588070482016
                ],
                [
                    -0.0042347353883087635,
                    0.01334238052368164,
                    0.9999020099639893,
                    -0.054139941930770874
                ],
                [
                    0.0,
                    0.0,
                    0.0,
                    1.0
                ]
            ],
            "time": 0.53125
        },
        {
            "file_path": "images/00019",
            "transform_matrix": [
                [
                    0.9999964237213135,
                    -0.0013908377150073647,
                    0.002275375882163644,
                    0.038440387696027756
                ],
                [
                    0.001415522419847548,
                    0.9999397993087769,
                    -0.010883228853344917,
                    -0.0003467061324045062
                ],
                [
                    -0.00226010219193995,
                    0.010886410251259804,
                    0.9999381899833679,
                    -0.05477645993232727
                ],
                [
                    0.0,
                    0.0,
                    0.0,
                    1.0
                ]
            ],
            "time": 0.5625
        },
        {
            "file_path": "images/00020",
            "transform_matrix": [
                [
                    0.9999107718467712,
                    -0.0035361512564122677,
                    -0.012880505062639713,
                    0.043190404772758484
                ],
                [
                    0.0034110466949641705,
                    0.9999469518661499,
                    -0.009721752256155014,
                    -7.400923641398549e-05
                ],
                [
                    0.012914198450744152,
                    0.009676948189735413,
                    0.9998697638511658,
                    -0.05643926560878754
                ],
                [
                    0.0,
                    0.0,
                    0.0,
                    1.0
                ]
            ],
            "time": 0.59375
        },
        {
            "file_path": "images/00021",
            "transform_matrix": [
                [
                    0.9991568922996521,
                    -0.005912928842008114,
                    -0.040626417845487595,
                    0.06026412174105644
                ],
                [
                    0.00546484999358654,
                    0.9999231100082397,
                    -0.011131461709737778,
                    0.003055450040847063
                ],
                [
                    0.04068911448121071,
                    0.010900059714913368,
                    0.9991124272346497,
                    -0.05711729824542999
                ],
                [
                    0.0,
                    0.0,
                    0.0,
                    1.0
                ]
            ],
            "time": 0.625
        },
        {
            "file_path": "images/00022",
            "transform_matrix": [
                [
                    0.9983432292938232,
                    -0.007154492661356926,
                    -0.05709349736571312,
                    0.0681399255990982
                ],
                [
                    0.006646567955613136,
                    0.9999366998672485,
                    -0.009081303142011166,
                    0.002442458877339959
                ],
                [
                    0.05715485289692879,
                    0.008686781860888004,
                    0.9983275532722473,
                    -0.06177229434251785
                ],
                [
                    0.0,
                    0.0,
                    0.0,
                    1.0
                ]
            ],
            "time": 0.65625
        },
        {
            "file_path": "images/00023",
            "transform_matrix": [
                [
                    0.9975039958953857,
                    -0.0060248002409935,
                    -0.07035289704799652,
                    0.07626620680093765
                ],
                [
                    0.005513392388820648,
                    0.9999569654464722,
                    -0.007461103145033121,
                    0.001367715885862708
                ],
                [
                    0.07039481401443481,
                    0.007054596673697233,
                    0.9974942803382874,
                    -0.06008300557732582
                ],
                [
                    0.0,
                    0.0,
                    0.0,
                    1.0
                ]
            ],
            "time": 0.6875
        },
        {
            "file_path": "images/00024",
            "transform_matrix": [
                [
                    0.9975191354751587,
                    -0.006814931053668261,
                    -0.07006510347127914,
                    0.08064613491296768
                ],
                [
                    0.006219278555363417,
                    0.9999426603317261,
                    -0.008716053329408169,
                    0.0016558797797188163
                ],
                [
                    0.07012049108743668,
                    0.00825867522507906,
                    0.9975043535232544,
                    -0.061680831015110016
                ],
                [
                    0.0,
                    0.0,
                    0.0,
                    1.0
                ]
            ],
            "time": 0.71875
        },
        {
            "file_path": "images/00025",
            "transform_matrix": [
                [
                    0.9959256052970886,
                    -0.00800505094230175,
                    -0.08982270210981369,
                    0.09078063070774078
                ],
                [
                    0.007240958511829376,
                    0.9999347925186157,
                    -0.008829312399029732,
                    0.0030940850265324116
                ],
                [
                    0.08988752216100693,
                    0.008142935112118721,
                    0.9959186315536499,
                    -0.06110721826553345
                ],
                [
                    0.0,
                    0.0,
                    0.0,
                    1.0
                ]
            ],
            "time": 0.75
        },
        {
            "file_path": "images/00026",
            "transform_matrix": [
                [
                    0.9949520230293274,
                    -0.008325115777552128,
                    -0.10000589489936829,
                    0.0946415513753891
                ],
                [
                    0.008093955926597118,
                    0.9999635815620422,
                    -0.0027169943787157536,
                    -0.0015182341448962688
                ],
                [
                    0.10002486407756805,
                    0.0018938359571620822,
                    0.9949831366539001,
                    -0.06781819462776184
                ],
                [
                    0.0,
                    0.0,
                    0.0,
                    1.0
                ]
            ],
            "time": 0.78125
        },
        {
            "file_path": "images/00027",
            "transform_matrix": [
                [
                    0.9933242201805115,
                    -0.009924516081809998,
                    -0.11492829769849777,
                    0.10853460431098938
                ],
                [
                    0.00940709002315998,
                    0.9999430179595947,
                    -0.005043674726039171,
                    0.001288493280299008
                ],
                [
                    0.11497180908918381,
                    0.003928863909095526,
                    0.9933609962463379,
                    -0.06332369893789291
                ],
                [
                    0.0,
                    0.0,
                    0.0,
                    1.0
                ]
            ],
            "time": 0.8125
        },
        {
            "file_path": "images/00028",
            "transform_matrix": [
                [
                    0.9957651495933533,
                    -0.0054086013697087765,
                    -0.09177398681640625,
                    0.08664755523204803
                ],
                [
                    0.0048444257117807865,
                    0.9999679923057556,
                    -0.0063690985552966595,
                    0.001875119050964713
                ],
                [
                    0.09180550277233124,
                    0.005897533614188433,
                    0.9957594871520996,
                    -0.07369639724493027
                ],
                [
                    0.0,
                    0.0,
                    0.0,
                    1.0
                ]
            ],
            "time": 0.84375
        },
        {
            "file_path": "images/00029",
            "transform_matrix": [
                [
                    0.9949589371681213,
                    -0.010234230197966099,
                    -0.09975970536470413,
                    0.10083317756652832
                ],
                [
                    0.010031833313405514,
                    0.9999464750289917,
                    -0.0025302772410213947,
                    -0.0009371245978400111
                ],
                [
                    0.09978026896715164,
                    0.0015167491510510445,
                    0.9950083494186401,
                    -0.07677935808897018
                ],
                [
                    0.0,
                    0.0,
                    0.0,
                    1.0
                ]
            ],
            "time": 0.875
        },
        {
            "file_path": "images/00030",
            "transform_matrix": [
                [
                    0.9973186254501343,
                    -0.00535083282738924,
                    -0.07298541814088821,
                    0.06166203320026398
                ],
                [
                    0.004736590199172497,
                    0.9999518990516663,
                    -0.00858644861727953,
                    0.0054861013777554035
                ],
                [
                    0.07302785664796829,
                    0.008217723108828068,
                    0.9972960352897644,
                    -0.0890766829252243
                ],
                [
                    0.0,
                    0.0,
                    0.0,
                    1.0
                ]
            ],
            "time": 0.90625
        },
        {
            "file_path": "images/00031",
            "transform_matrix": [
                [
                    0.9976929426193237,
                    -0.006198724266141653,
                    -0.0676046758890152,
                    0.06167590618133545
                ],
                [
                    0.005562678445130587,
                    0.9999385476112366,
                    -0.00959249958395958,
                    0.005622957833111286
                ],
                [
                    0.06765997409820557,
                    0.009194305166602135,
                    0.99766606092453,
                    -0.09213067591190338
                ],
                [
                    0.0,
                    0.0,
                    0.0,
                    1.0
                ]
            ],
            "time": 0.9375
        },
        {
            "file_path": "images/00032",
            "transform_matrix": [
                [
                    0.9991835951805115,
                    -0.0063725924119353294,
                    -0.039893802255392075,
                    0.034942056983709335
                ],
                [
                    0.005258571356534958,
                    0.9995949864387512,
                    -0.02796757034957409,
                    0.023301638662815094
                ],
                [
                    0.04005587473511696,
                    0.027734952047467232,
                    0.9988124370574951,
                    -0.0986977368593216
                ],
                [
                    0.0,
                    0.0,
                    0.0,
                    1.0
                ]
            ],
            "time": 0.96875
        },
        {
            "file_path": "images/00033",
            "transform_matrix": [
                [
                    0.9979649782180786,
                    -0.0071853818371891975,
                    -0.06335873156785965,
                    0.06946153193712234
                ],
                [
                    0.006495155394077301,
                    0.9999173879623413,
                    -0.01109318807721138,
                    0.006207219325006008
                ],
                [
                    0.0634332075715065,
                    0.01065908744931221,
                    0.9979291558265686,
                    -0.09739875793457031
                ],
                [
                    0.0,
                    0.0,
                    0.0,
                    1.0
                ]
            ],
            "time": 1.0
        },
        {
            "file_path": "images/00034",
            "transform_matrix": [
                [
                    0.9981151223182678,
                    -0.007604062091559172,
                    -0.060896020382642746,
                    -0.002901457017287612
                ],
                [
                    0.00671458849683404,
                    0.9998679757118225,
                    -0.014797787182033062,
                    0.01721961982548237
                ],
                [
                    0.06100049987435341,
                    0.014361004345119,
                    0.9980344176292419,
                    -0.10525461286306381
                ],
                [
                    0.0,
                    0.0,
                    0.0,
                    1.0
                ]
            ],
            "time": 1.03125
        },
        {
            "file_path": "images/00035",
            "transform_matrix": [
                [
                    0.9982510805130005,
                    -0.009667260572314262,
                    -0.05832063406705856,
                    0.0010997888166457415
                ],
                [
                    0.008396171033382416,
                    0.9997227191925049,
                    -0.022000659257173538,
                    0.024127118289470673
                ],
                [
                    0.058517150580883026,
                    0.021472513675689697,
                    0.9980554580688477,
                    -0.10651890933513641
                ],
                [
                    0.0,
                    0.0,
                    0.0,
                    1.0
                ]
            ],
            "time": 1.0625
        },
        {
            "file_path": "images/00036",
            "transform_matrix": [
                [
                    0.998580276966095,
                    -0.009246161207556725,
                    -0.052458591759204865,
                    0.0002582281595095992
                ],
                [
                    0.008287038654088974,
                    0.9997950196266174,
                    -0.018471555784344673,
                    0.02044408768415451
                ],
                [
                    0.05261863023042679,
                    0.01801060326397419,
                    0.9984522461891174,
                    -0.11278597265481949
                ],
                [
                    0.0,
                    0.0,
                    0.0,
                    1.0
                ]
            ],
            "time": 1.09375
        },
        {
            "file_path": "images/00037",
            "transform_matrix": [
                [
                    0.9980418682098389,
                    -0.014685528352856636,
                    -0.06080086529254913,
                    0.0032251898664981127
                ],
                [
                    0.013970274478197098,
                    0.9998283386230469,
                    -0.012172319926321507,
                    0.016180630773305893
                ],
                [
                    0.06096918135881424,
                    0.011299080215394497,
                    0.9980756640434265,
                    -0.1019769012928009
                ],
                [
                    0.0,
                    0.0,
                    0.0,
                    1.0
                ]
            ],
            "time": 1.125
        },
        {
            "file_path": "images/00038",
            "transform_matrix": [
                [
                    0.9971053600311279,
                    -0.006828767713159323,
                    -0.07572510838508606,
                    -0.008077834732830524
                ],
                [
                    0.006872592959553003,
                    0.9999763369560242,
                    0.00031816193950362504,
                    0.00711846025660634
                ],
                [
                    0.0757211446762085,
                    -0.0008376691257581115,
                    0.9971286654472351,
                    -0.1013777107000351
                ],
                [
                    0.0,
                    0.0,
                    0.0,
                    1.0
                ]
            ],
            "time": 1.15625
        },
        {
            "file_path": "images/00039",
            "transform_matrix": [
                [
                    0.9933055639266968,
                    -0.002579181222245097,
                    -0.11548756062984467,
                    0.009187520481646061
                ],
                [
                    0.0027515448164194822,
                    0.9999953508377075,
                    0.0013330916408449411,
                    0.007886379957199097
                ],
                [
                    0.11548358201980591,
                    -0.0016419366002082825,
                    0.9933080077171326,
                    -0.09950854629278183
                ],
                [
                    0.0,
                    0.0,
                    0.0,
                    1.0
                ]
            ],
            "time": 1.1875
        },
        {
            "file_path": "images/00040",
            "transform_matrix": [
                [
                    0.9946249723434448,
                    -0.00462081003934145,
                    -0.10343964397907257,
                    0.004129109438508749
                ],
                [
                    0.0042510079219937325,
                    0.9999837875366211,
                    -0.0037952186539769173,
                    0.012562014162540436
                ],
                [
                    0.10345549881458282,
                    0.0033350964076817036,
                    0.9946284890174866,
                    -0.10271143913269043
                ],
                [
                    0.0,
                    0.0,
                    0.0,
                    1.0
                ]
            ],
            "time": 1.21875
        },
        {
            "file_path": "images/00041",
            "transform_matrix": [
                [
                    0.9899803400039673,
                    0.0010886724339798093,
                    -0.14120110869407654,
                    0.026626572012901306
                ],
                [
                    0.0007661933195777237,
                    0.9999141693115234,
                    0.013081293553113937,
                    -0.0006239943904802203
                ],
                [
                    0.14120322465896606,
                    -0.013058410957455635,
                    0.9898945093154907,
                    -0.08526071161031723
                ],
                [
                    0.0,
                    0.0,
                    0.0,
                    1.0
                ]
            ],
            "time": 1.25
        },
        {
            "file_path": "images/00042",
            "transform_matrix": [
                [
                    0.9877228140830994,
                    -0.0007515554316341877,
                    -0.15621495246887207,
                    0.03147323057055473
                ],
                [
                    0.0016729647759348154,
                    0.9999819993972778,
                    0.005766951013356447,
                    0.007398165296763182
                ],
                [
                    0.15620779991149902,
                    -0.005957491230219603,
                    0.9877062439918518,
                    -0.08518554270267487
                ],
                [
                    0.0,
                    0.0,
                    0.0,
                    1.0
                ]
            ],
            "time": 1.28125
        },
        {
            "file_path": "images/00043",
            "transform_matrix": [
                [
                    0.9870701432228088,
                    -0.004522144328802824,
                    -0.16022521257400513,
                    0.029449131339788437
                ],
                [
                    0.0046580177731812,
                    0.9999890327453613,
                    0.0004724330792669207,
                    0.013714385218918324
                ],
                [
                    0.16022130846977234,
                    -0.001212656032294035,
                    0.9870803952217102,
                    -0.08724411576986313
                ],
                [
                    0.0,
                    0.0,
                    0.0,
                    1.0
                ]
            ],
            "time": 1.3125
        },
        {
            "file_path": "images/00044",
            "transform_matrix": [
                [
                    0.9882856011390686,
                    -0.004382584244012833,
                    -0.15255281329154968,
                    0.012062111869454384
                ],
                [
                    0.006109451875090599,
                    0.9999224543571472,
                    0.010852884501218796,
                    0.006941371131688356
                ],
                [
                    0.152493417263031,
                    -0.01165776327252388,
                    0.9882357120513916,
                    -0.08781914412975311
                ],
                [
                    0.0,
                    0.0,
                    0.0,
                    1.0
                ]
            ],
            "time": 1.34375
        },
        {
            "file_path": "images/00045",
            "transform_matrix": [
                [
                    0.9888160824775696,
                    -0.0025107606779783964,
                    -0.1491188257932663,
                    0.00850069709122181
                ],
                [
                    0.006193650886416435,
                    0.9996870160102844,
                    0.02423844113945961,
                    -0.003746799658983946
                ],
                [
                    0.1490112990140915,
                    -0.024890951812267303,
                    0.9885221719741821,
                    -0.08078894764184952
                ],
                [
                    0.0,
                    0.0,
                    0.0,
                    1.0
                ]
            ],
            "time": 1.375
        },
        {
            "file_path": "images/00046",
            "transform_matrix": [
                [
